netcdf filtered_darcy_structured_4x4_tri {
dimensions:
    num_dim = 2 ;
    num_nodes = 25 ;
    num_elem = 32 ;
    num_side_sets = 3 ;
variables:
    double coordx(num_nodes) ;
    double coordy(num_nodes) ;
    int connect1(num_elem, num_nod_per_el1) ;
        connect1:elem_type = "TRI" ;
data:
 coordx = 0.5, 0.75, 1, 1.25, 1.5, 0.5, 0.75, 1, 1.25, 1.5, 0.5, 0.75, 1, 1.25, 1.5, 0.5, 0.75, 1, 1.25, 1.5, 0.5, 0.75, 1, 1.25, 1.5 ;
 coordy = -1, -1, -1, -1, -1, -0.5, -0.5, -0.5, -0.5, -0.5, 0, 0, 0, 0, 0, 0.5, 0.5, 0.5, 0.5, 0.5, 1, 1, 1, 1, 1 ;
 connect1 =
  1, 2, 7,
  1, 7, 6,
  2, 3, 8,
  2, 8, 7,
  3, 4, 9,
  3, 9, 8,
  4, 5, 10,
  4, 10, 9,
  6, 7, 12,
  6, 12, 11,
  7, 8, 13,
  7, 13, 12,
  8, 9, 14,
  8, 14, 13,
  9, 10, 15,
  9, 15, 14,
  11, 12, 17,
  11, 17, 16,
  12, 13, 18,
  12, 18, 17,
  13, 14, 19,
  13, 19, 18,
  14, 15, 20,
  14, 20, 19,
  16, 17, 22,
  16, 22, 21,
  17, 18, 23,
  17, 23, 22,
  18, 19, 24,
  18, 24, 23,
  19, 20, 25,
  19, 25, 24 ;
 elem_ss1 = 1, 3, 5, 7 ;
 side_ss1 = 1, 1, 1, 1 ;
 elem_ss2 = 7, 15, 23, 26, 28, 30, 31, 32 ;
 side_ss2 = 2, 2, 2, 2, 2, 2, 2, 2 ;
 elem_ss3 = 2, 10, 18, 26 ;
 side_ss3 = 3, 3, 3, 3 ;
}
